-8.8368
-6.898
-4.9589
-3.0197
0.47893
6.251
12.047
17.846
24.065
32.005
40.146
48.299
56.533
65.919
75.731
85.573
95.514
106.24
117.2
127.28
135.1
139.57
142.13
135.01
121.4
105.08
89.527
65.269
48.17
43.991
40.598
38.811
37.305
35.765
34.157
32.401
30.269
28.406
26.944
25.465
25.357
25.07
25.002
25.131
25.26
25.381
25.504
25.624
25.635
25.624
25.637
25.659
25.281
23.972
18.377
2.0505
-10.218
-12.351
-12.312
-12.284
-12.259
-12.236
-12.214
-12.188
-12.164
-12.14
-12.117
-12.095
-12.076
-12.059
-12.046
-12.045
-12.085
-12.111
-12.126
-12.131
-12.126
-12.115
-12.098
-12.074
-12.041
-11.996
-11.927
-11.845
-11.744
-11.61
-11.462
-11.342
-11.293
-11.26
-11.232
-11.207
-11.181
-11.156
-11.121
-11.081
-11.052
-11.03
-11.028
-11.032
-11.001
-10.975
-10.947
-10.917
-10.87
-10.804
-10.717
-10.611
-10.517
-10.432
-10.365
-10.328
-10.302
-10.279
-10.236
-10.221
-10.225
-10.225
-10.209
-10.186
-10.144
-10.103
-10.083
-10.049
-9.9809
-9.9399
-9.901
-9.8746
-9.8458
-9.8104
-9.7981
-9.7725
-9.7224
-9.692
-9.6618
-9.637
-9.6018
-9.5853
-9.5399
-9.7144
-9.6874
-9.6618
-9.6407
-9.6009
-9.5529
-9.5143
-4.1878
-3.5908
-2.5151
-1.6718
-0.62745
0.55156
-0.23321
0.28306
-0.38183
0.52517
-0.70511
0.9991
-0.81268
1.1124
-1.2106
0.9366
-1.2459
1.1034
-1.1174
1.2422
-1.1144
1.2542
-0.89761
1.2421
-0.95826
1.3181
-1.0331
1.0875
-1.1186
1.205

